
/*********************Ejecutar ejemplo***************************/
ARG=$(ruby -e "puts (0..99).to_a.shuffle.join(' ')") && ./push_swap $ARG | ./checker $ARG

/*********************Contar instrucciones**********************/
ARG=$(ruby -e "puts (0..99).to_a.shuffle.join(' ')") && ./push_swap $ARG | wc -l


______________________________________________________________________________________________


"args": ["1 2 3 4 5 6 7 8 9 0 11 22 33 44 55 66 77 88 99 111 222 333 444 555 666 777 888 999 12 23 34 456 68 89 98 87 767 65 54 43 32"],
"args": ["1 2 3 4 5 6 7 8 9 10 11 12 13 14 15 16 17 18 19 20 21 22 23 24 25 26 27 28 29 30 31 32 33 34 35 36 37 38 39 40 41 42 43 44 45 46 47 48 49 50 51 52 53 54 55 56 57 58 59 60 61 62 63 64 65 66 67 68 69 70 71 72 73 74 75 76 77 78 79 80 81 82 83 84 85 86 87 88 89 90 91 92 93 94 95 96 97 98 99 100 101"],
